%YAML:1.0
---
type: IMU
name: handsfree
Gyr:
   unit: " rad/s"
   avg-axis:
      gyr_n: 3.7327597017433866e-04
      gyr_w: 4.3308087065395313e-06
   x-axis:
      gyr_n: 1.9629212605918873e-04
      gyr_w: 5.1575932080950116e-07
   y-axis:
      gyr_n: 6.7968043038891374e-04
      gyr_w: 8.7191908934017657e-06
   z-axis:
      gyr_n: 2.4385535407491361e-04
      gyr_w: 3.7574759054073273e-06
Acc:
   unit: " m/s^2"
   avg-axis:
      acc_n: 1.0546316008881658e-02
      acc_w: 2.0365742319138793e-04
   x-axis:
      acc_n: 1.1402992852587555e-02
      acc_w: 2.1548467126208685e-04
   y-axis:
      acc_n: 1.1448065241856879e-02
      acc_w: 1.5458006782052288e-04
   z-axis:
      acc_n: 8.7878899322005408e-03
      acc_w: 2.4090753049155406e-04
